1 0
2 0
3 0
4 0
5 21
6 2
7 26
8 12
9 27
10 2
11 16
12 9
13 3
14 8
15 8
16 21
17 1
18 41
19 6
20 6
21 3
22 10
23 0
24 11
25 5
26 9
27 11
28 11
29 16
30 9
31 20
32 4
33 14
34 7
35 6
36 2
37 10
38 10
39 5
40 22
41 4
42 16
43 2
44 32
45 15
46 6
47 17
48 0
49 6
50 9
51 9
52 0
53 4
54 19
55 20
56 30
57 28
58 12
59 0
60 6
61 0
62 5
63 3
64 31
65 4
66 15
67 0
68 0
69 8
70 5
71 0
72 0
73 30
74 11
75 6
76 0
77 8
78 0
79 5
80 0
81 0
82 0
83 0
84 12
85 0
86 0
87 6
88 7
89 18
90 0
91 0
92 0
93 24
94 0
95 12
96 0
97 0
98 3
99 12
100 15