1 26
2 11
3 0
4 0
5 23
6 18
7 3
8 18
9 0
10 0
11 7
12 10
13 0
14 14
15 0
16 0
17 0
18 6
19 11
20 0
21 10
22 25
23 14
24 15
25 0
26 13
27 1
28 19
29 0
30 15
31 5
32 5
33 0
34 0
35 0
36 12
37 0
38 0
39 2
40 0
41 22
42 0
43 8
44 15
45 12
46 0
47 0
48 0
49 14
50 6
51 8
52 12
53 37
54 21
55 6
56 4
57 5
58 16
59 5
60 0
61 0
62 3
63 39
64 0
65 29
66 5
67 8
68 15
69 43
70 12
71 13
72 63
73 39
74 8
75 6
76 7
77 16
78 0
79 14
80 11
81 26
82 53
83 6
84 21
85 5
86 11
87 15
88 0
89 15
90 20
91 7
92 22
93 17
94 51
95 0
96 49
97 6
98 19
99 6
100 11