1 4
2 0
3 0
4 10
5 7
6 0
7 6
8 3
9 0
10 1
11 0
12 0
13 8
14 0
15 0
16 0
17 0
18 8
19  6
20 0
21 1
22 0
23 6
24 32
25 12
26 0
27 19
28 10
29 0
30 0
31 3
32 3
33 8
34 5
35 1
36 11
37 16
38 0
39 5
40 5
41 0
42 1
43 4
44 0
45 11
46 1
47 13
48 22
49 0
50 7
51 9
52 0
53 4
54 19
55 20
56 30
57 28
58 12
59 0
60 6
61 0
62 5
63 3
64 31
65 4
66 15
67 0
68 0
69 8
70 5
71 0
72 0
73 30
74 11
75 6
76 0
77 8
78 0
79 5
80 0
81 0
82 0
83 0
84 12
85 0
86 0
87 6
88 7
89 18
90 0
91 0
92 0
93 24
94 0
95 12
96 0
97 0
98 3
99 12
100 15