1 4
2 14
3 4
4 20
5 11
6 23
7 17
8 6
9 9
10 31
11 23
12 12
13 0
14 0
15 8
16 8
17 9
18 22
19 0
20 29
21 11
22 13
23 14
24 9
25 21
26 25
27 15
28 15
29 37
30 22
31 17
32 10
33 21
34 31
35 1
36 7
37 21
38 25
39 31
40 0
41 15
42 1
43 7
44 16
45 13
46 22
47 12
48 25
49 23
50 39
51 35
52 3
53 36
54 4
55 9
56 18
57 23
58 24
59 12
60 17
61 14
62 0
63 24
64 0
65 12
66 34
67 33
68 5
69 27
70 17
71 10
72 30
73 12
74 29
75 11
76 28
77 30
78 11
79 5
80 12
81 8
82 21
83 16
84 35
85 42
86 15
87 35
88 40
89 12
90 20
91 17
92 18
93 11
94 23
95 4
96 14
97 2
98 14
99 17
100 25